15.9024128914
15.7842319012
15.8767681122
15.7289381027
15.6980690956
15.6988890171
15.8812420368
15.7427349091
15.7977259159
15.8334870338
16.1828570366
15.6929581165
15.716397047
15.6666240692
15.7788479328
15.826870203
15.997095108
15.7855269909
15.7812891006
15.8341460228
15.8405559063
15.8593780994
15.8075699806
15.6722800732
15.8644509315
15.9309768677
15.8010029793
15.840282917
15.6757221222
16.1143801212
15.9370429516
16.2697811127
15.8026981354
15.8125388622
15.7745959759
15.9370379448
15.8502891064
15.7683961391
16.1913919449
15.8537049294
15.7328469753
15.2871999741
15.2687349319
15.3070821762
15.2938489914
15.4097089767
15.4448900223
15.5670909882
15.2617690563
15.2630031109
